001015051D0000000000000029788537 2017103120161109 
001015051D0000000000000045038718 2017103120161125 
001015051D0000000000000060446563 2017103120170321 
001015051D0000000000000062064358 2017103120151126 
001015051D0000000000000063746452 2017103120150916 
001015051D0000000000000065885360 2017103120151014 
001015051D0000000000000070221799 2017103120150916 
001015051D0000000000000072410866 2017103120161109 
001015051D0000000000000082475885 2017103120161109 
001015051D0000000000000083779942 2017103120151006 
001015051D0000000000000084439592 2017103120150916 
001015051D0000000000000085311301 2017103120161214 
001015051D0000000000000090885316 2017103120160622 
001015051D0000000000000097535493 2017103120150916 
001015051D0000000000000105426313 2017103120151014 
001015051D0000000000000126381379 2017103120170321 
001015051D0000000000000140840092 2017103120170322 
001015051D0000000000000145344220 2017103120161109 
001015051D0000000000000154302875 2017103120170321 
001015051D0000000000000156409464 2017103120151126 
001015051D0000000000000165876644 2017103120170322 
001015051D0000000000000171928540 2017103120161212 
001015051D0000000000000172963811 2017103120170321 
001015051D0000000000000176796960 2017103120170321 
001015051D0000000000000186411153 2017103120151224 
001015051D0000000000000186419030 2017103120170321 
001015051D0000000000000186611861 2017103120170106 
001015051D0000000000000195035903 2017103120170321 
001015051D0000000000000195673756 2017103120170321 
001015051D0000000000000196060529 2017103120170321 
001015051D0000000000000196880860 2017103120170321 
001015051D0000000000000199626515 2017103120170321 
012015051D0000000000000043654977 2017103120161212 
012015051D0000000000000048985262 2017103120161125 
012015051D0000000000000053517625 2017103120161125 
012015051D0000000000000055947627 2017103120170321 
012015051D0000000000000060214336 2017103120161125 
012015051D0000000000000060687641 2017103120161109 
012015051D0000000000000067000641 2017103120170321 
012015051D0000000000000078365889 2017103120161109 
012015051D0000000000000085614207 2017103120161125 
012015051D0000000000000089794072 2017103120170321 
012015051D0000000000000093333349 2017103120170323 
012015051D000000000000009422862K 2017103120170321 
012015051D0000000000000099896760 2017103120161214 
012015051D0000000000000104748651 2017103120170323 
012015051D0000000000000116046261 2017103120170321 
012015051D0000000000000119274710 2017103120170321 
012015051D0000000000000126474873 2017103120170321 
012015051D0000000000000127586810 2017103120170321 
012015051D0000000000000129892110 2017103120170321 
012015051D0000000000000130526160 2017103120161125 
012015051D000000000000013818112K 2017103120170321 
012015051D0000000000000140862797 2017103120170321 
012015051D0000000000000142037203 2017103120170321 
012015051D0000000000000150220084 2017103120170321 
012015051D0000000000000152802838 2017103120170321 
012015051D0000000000000154781196 2017103120170323 
012015051D0000000000000156373338 2017103120170321 
012015051D0000000000000158290782 2017103120170321 
012015051D0000000000000165862619 2017103120170321 
012015051D0000000000000166895634 2017103120170321 
012015051D0000000000000169853223 2017103120170323 
012015051D0000000000000172119344 2017103120161125 
012015051D0000000000000172425909 2017103120170321 
012015051D0000000000000173227345 2017103120170322 
012015051D000000000000017691226K 2017103120170323 
012015051D0000000000000178433806 2017103120170321 
012015051D0000000000000179572818 2017103120161214 
012015051D000000000000018018581K 2017103120160324 
012015051D0000000000000181319828 2017103120170321 
012015051D0000000000000181745886 2017103120170321 
012015051D0000000000000182079367 2017103120170321 
012015051D0000000000000182091189 2017103120170321 
012015051D0000000000000183318489 2017103120170321 
012015051D0000000000000183409557 2017103120170323 
012015051D0000000000000184597632 2017103120170321 
012015051D0000000000000184728907 2017103120170321 
012015051D0000000000000185571068 2017103120170323 
012015051D0000000000000185990095 2017103120170321 
012015051D0000000000000188506356 2017103120161212 
012015051D0000000000000191412176 2017103120170321 
012015051D0000000000000192242193 2017103120161212 
012015051D0000000000000192855829 2017103120170321 
012015051D0000000000000192858275 2017103120161125 
012015051D0000000000000192936411 2017103120170321 
012015051D0000000000000193345018 2017103120170321 
012015051D0000000000000193673694 2017103120170321 
012015051D0000000000000193687881 2017103120170321 
012015051D0000000000000194369697 2017103120170321 
012015051D000000000000019437013K 2017103120170321 
012015051D0000000000000194621019 2017103120170321 
012015051D0000000000000195367124 2017103120170321 
012015051D0000000000000196367799 2017103120170323 
012015051D0000000000000198246166 2017103120170323 
012015051D0000000000000198343447 2017103120170321 
012015051D0000000000000198783404 2017103120170321 
012015051D0000000000000199421867 2017103120170321 
012015051D0000000000000201345162 2017103120170321 
012015051D0000000000000246534489 2017103120161125 
016015051D0000000000000021289248 2017103120161125 
016015051D000000000000005866006K 2017103120151125 
016015051D0000000000000070168170 2017103120150916 
016015051D0000000000000087999335 2017103120161109 
016015051D0000000000000156073059 2017103120170321 
016015051D0000000000000171074460 2017103120170321 
027015051D0000000000000060429804 2017103120150921 
028015051D0000000000000167481272 2017103120151019 
028015051D000000000000018636127K 2017103120161130 
037015051D0000000000000019159256 2017103120151125 
037015051D0000000000000044612518 2017103120161109 
037015051D0000000000000054007469 2017103120161125 
037015051D0000000000000069844448 2017103120161230 
037015051D0000000000000070809184 2017103120160810 
037015051D0000000000000077127925 2017103120161125 
037015051D0000000000000085103490 2017103120151125 
037015051D0000000000000089927927 2017103120161125 
037015051D0000000000000145467845 2017103120160810 
037015051D0000000000000153847886 2017103120151014 
037015051D0000000000000163573415 2017103120161125 
037015051D0000000000000169646716 2017103120161212 
037015051D0000000000000175753249 2017103120161109 
037015051D0000000000000176134216 2017103120151014 
037015051D0000000000000177007064 2017103120161109 
037015051D0000000000000182295868 2017103120170321 
037015051D0000000000000187820227 2017103120170323 
039015051D0000000000000783483602 2017103120100705 
049015051D0000000000000070470802 2017103120151015 
049015051D0000000000000153133808 2017103120170525 
051015051D0000000000000176986182 2017103120170322 
504015051D0000000000000082574255 2017103120161128 
504015051D0000000000000108061324 2017103120151007 
504015051D0000000000000192432758 2017103120161110 
001015051T                       000133           
